-79658.39622448 -18945.51485664 32555.88320578 -17793.12906598 -25625.09887977 -49555.81168604 -22825.13107215 31687.75329561 15647.93927855 41477.44378911 45054.43284649 8427.89489325 -1817.52006863 2296.26106879 -53852.22592851 21620.67136261 40422.99456108 7884.19723386 8308.26996257 -35233.27554196 -537.91141534 24058.52088913 -41577.83488149 -8943.56158179 -56004.63440284 -24550.05833339 39131.78336475 -23840.44366014 46532.08820468 -14568.31667090 39018.49930591 5641.86846125 -91055.45353890 -77026.97486580 25737.38028683 43120.64738714 -14439.00762320 18895.52657542 -40182.23334266
-70368.88404630 13776.65370487 26926.57880024 14847.71710744 12886.18526924 -68510.95394634 -26639.70059978 23328.24015501 -12835.71958530 10526.89215256 19044.34927200 12234.15627441 30047.73450316 14771.11040642 -49384.85997919 20814.68027045 48158.79212515 49310.69361872 -12516.08282788 -20313.84616165 -14921.93696219 27248.46231727 -48678.64050332 2107.36953718 -73830.67645890 -25704.84835867 47954.37187322 17240.22640950 64255.54355814 4942.57803457 44129.35261074 20401.69500765 -67787.06988992 -78436.74423004 19709.43296825 44105.79072987 -23131.57856361 42591.08144174 -40164.43668359
-92687.91275112 -12775.27049247 50998.96130773 5151.43835105 -26156.04641891 -50119.42572974 -21706.40488224 46972.96859582 -29721.02757133 32299.09475425 50706.99914408 16265.39647782 22681.19149767 -3218.37803397 -391.12588603 -23384.98710666 311.18315815 45495.10690923 -52173.76856148 -7133.24327270 -20722.22217334 -11572.63691938 -10004.97273060 -4154.15048364 -40632.96273483 3338.29823735 70745.61913618 -37032.12533747 46596.93122749 -12365.52121135 35593.54476384 37474.48430397 -60331.38246639 -59313.78042780 3543.17040040 91281.74653808 -39822.06029974 8786.46542198 -21239.78448892
-25210.19331146 5785.73041357 47859.62625114 -42249.74082127 27751.11738814 -51496.18617063 -7919.83297817 3578.68917132 -10620.16852849 24647.85799281 91625.17341711 3265.05934855 14071.08846218 -6567.41919930 -24198.68221587 -2934.92704557 -10640.73731828 44787.23229596 -48416.73476803 6439.79413774 981.36401668 25755.33066910 -4047.42461218 18660.94557367 -82781.60444953 -12660.76570446 91144.02276004 -58855.43322840 51378.73352986 10556.48181228 10990.47763081 -7486.65348411 -65852.83191154 -57033.58188739 7171.74465596 43094.09549684 -20007.19887800 16438.04495552 -26371.18762896
-44554.93231031 43754.29676880 48228.17980745 -20946.31921391 -41775.29139245 -46716.18440357 -13059.77528995 55133.70143053 5418.44709589 15576.22162239 27088.24430226 2521.31101024 37571.27727187 -4226.92523733 -37113.77782041 7327.05919034 31619.40976296 81496.92683050 -24745.90593355 -14540.74770407 -58394.57753012 60377.82962246 -31227.69973365 11079.36399677 -24662.84896569 25229.56290547 64814.31568740 -28728.01113554 41209.56674634 -45527.70776313 19326.90518936 10876.09633320 -15400.44348429 -72511.58540429 27574.84701068 66884.00239966 -27209.97122715 15893.19684563 -30681.36264032
-82905.27835078 -13404.34242418 52187.80309685 -60509.58021744 -21138.13673490 -23568.72285819 -15437.62937181 35677.97606956 -50438.19905393 16558.25080084 32793.63639487 3217.48407926 40638.62949713 2781.68763015 -12914.81903364 31546.76072970 69834.58060447 45375.49568183 10086.62643878 -26599.19384678 -33649.49665421 21726.57475994 -51410.82976798 14349.21067377 -46482.34272748 -7071.03585489 77181.53966912 -14682.16227076 38032.83358474 19526.08892029 34878.26658825 15191.55818859 -66109.68911240 -53113.03204828 34929.81124252 1015.95097319 -46087.90199530 13071.98823262 -27907.78173449
-94632.09576617 21157.93914348 35986.70026389 -23938.59469566 -43636.63541997 -41920.88176265 -27843.63630987 37988.73915033 14907.72841897 26170.27466895 37004.93869049 53732.92902063 22467.23483549 37005.70720594 6029.34012131 1544.67834723 54518.70450878 55303.22353435 145.60657453 -17362.70739630 -20371.07239843 63800.85363360 -12661.87256496 12728.53150684 -57199.96317892 -23481.13485392 68319.95850863 -26385.78703639 48204.12770981 11905.89079530 48781.84917633 8584.64352320 -47854.39599094 -91162.56884981 19939.70694092 33885.55087273 -13632.00627240 20738.49158041 -9466.64692670
-50534.97919758 17497.77073458 33348.66689134 -41381.54742355 -16091.06608824 -67124.52988766 15463.02992875 34031.09198991 -14611.33310054 39462.97520240 31494.81892506 6614.34279516 10083.51374680 3977.48415091 -52598.60677738 28957.31958749 49168.30468659 45076.33514396 -15069.83402779 -12812.14295130 -38364.99584264 33156.65407980 -40779.88452787 20054.54548590 -55745.27627480 -5184.76019448 67390.44291811 -31974.45347006 44104.26688083 12494.65745086 -12847.61714339 -5286.39265088 -29093.92603999 -50397.45598710 16908.37156823 53074.26638097 -24578.10022162 39798.94439988 -42633.75757423
-25466.79913314 29068.70889246 18942.41494874 -16952.36237375 -35539.07311092 -36762.28862183 -15429.00834667 1087.19530623 1260.92815504 -831.99327167 31018.72264894 36145.05577748 -13758.80302846 -5316.10922247 -36317.53094355 13823.96029849 40175.02900177 29563.37121559 -23988.88421416 574.92993032 -3995.17011743 37482.98555770 -6497.33291287 66194.66802238 -55844.75347517 4009.17435289 66304.03193350 1156.38119562 44886.86131816 -4577.76747381 39963.81856103 -2990.93007341 -75523.59639973 -38926.86123869 56625.35961454 83516.66512903 -38105.75175244 -1039.54042423 -11942.70871548
-61886.82151148 -50917.39902005 37841.26704988 10030.61813069 -29250.16896403 -33224.26089381 -3860.64503866 31515.31941587 -34599.69251899 33574.91926068 65159.89092325 27138.75784863 -2218.00480109 7542.53210585 -52921.59687213 21964.70054543 56302.47068642 -8268.26618566 32277.41709439 -4965.84245277 -47621.52553196 22616.71813298 -27967.51610546 29080.97199020 -55900.08090994 4871.01233018 85432.14428926 -62609.32990838 63355.25614305 44683.58360722 17425.34276004 10916.79488664 -66313.35064305 -87423.79151118 -5653.53108882 57743.71369521 -10945.61117920 21982.50813727 -25950.64483690
-128957.15887872 -13070.35712334 35535.63622512 -5468.68344512 -41273.04955256 -48879.70376104 10196.02562968 50748.63415783 -37153.73765906 13720.30671043 52056.15137905 9483.10108220 9334.36801058 6213.78367726 -30647.69276452 -9183.64813763 15284.19538954 39304.80441740 -12535.35208209 24158.26902997 -7861.46761187 2429.80407155 -42234.70220472 33256.90777542 -39695.31067538 -30377.90376794 81906.57261534 -12627.54419790 42279.23292175 5966.86976591 66942.22284699 5013.24101693 -85779.26041001 -90034.99825093 -9626.90960422 40775.75797603 -24473.08404369 2568.04471463 -19562.19443375
-77068.08952207 -15509.42509386 35097.20126599 -21819.08837778 -22468.09863553 -52148.54974470 15073.17735812 37620.71290948 12017.03715412 57076.03255555 57489.94023422 7562.53121916 -5385.74434306 20496.64574246 -33216.59776627 19489.88670611 17133.67678590 29258.55546501 -17899.97121528 5378.37399757 -12449.27130426 41825.25687293 -42051.61107013 -39524.83516240 -18169.14319396 -5970.36968627 67909.94818553 -45574.88696705 55149.84138986 16227.92278032 18737.88402262 10980.36703245 -56957.11267728 -50526.54656646 21071.72508990 79161.18338750 -72053.43225875 -7983.04193622 -25751.54248059
-42170.53191007 -33788.28567823 46950.68876199 -2557.27187078 -37061.28779819 -31678.40263535 -18919.36219390 34888.36116412 22243.32979185 44565.06491045 24855.09747398 20642.78947702 -256.62146624 -7606.95795950 -54661.78685765 17291.56304058 62613.54706919 55861.30469048 -4335.83947810 5199.81807622 10193.10996568 18387.05527752 4932.78116003 16602.40608020 -68106.19950897 18156.76885280 52709.84222131 -24557.36384398 50358.32890061 -19562.43603796 39336.08364716 13730.73244968 -54670.25361864 -69171.10698752 -22720.91852554 34598.55801352 -28184.86714334 45007.38672137 -43722.53315267
-81947.77871982 12250.39289385 31622.32947357 -42107.01416198 -27634.95496966 -20868.41488567 10264.07153318 23077.03136811 -6428.68627517 25175.62489246 15236.46198124 3790.55279345 -7217.24254835 -14035.31229055 5997.16859192 4269.93733454 32382.10649652 39322.95896355 11953.69206743 5487.62429322 -2416.07157360 22570.47983386 -48294.22373169 -24222.53249985 -57338.34073303 -3347.66249892 82263.07056804 12856.93537984 68564.79826068 -29322.52558329 41721.99414025 37713.40280711 -101974.47302758 -65877.34344978 23530.28409733 74833.91597592 -6049.44748814 39612.62015141 -27442.85020842
-41462.56355077 6432.89722672 59694.07939119 -1004.82780072 -57124.49874432 -30526.42994923 -21.48254152 23485.15546653 -41396.88203120 8758.35129940 41520.40688298 27200.41351816 27185.64836979 19671.36397718 -43749.86745523 16070.68462028 7125.64403363 4359.88400037 -15529.37650487 5762.91282436 -14037.82457749 72727.10503641 -65461.81300821 60373.25564990 -55009.08497444 -18717.00540404 84571.83018361 -24040.99567828 40516.77310751 11428.08914890 5695.41603926 -16698.48282989 -70440.49103138 -64332.23715191 12077.86086998 51198.86239172 -24707.94953381 44700.11720024 -33066.68372546
-53202.89925480 -34975.94140514 51201.86313289 -30960.33195850 -24541.44636249 -24681.29564998 2227.58088299 41051.72419997 -18858.65659987 31227.86638153 52735.47803220 -2083.39880775 31512.15957469 23691.04731554 -59069.29612034 -4531.61010500 30452.34961843 17526.85994736 -28248.36590501 -20442.21929695 -1409.98373742 8286.23647602 -21045.12568683 16137.12398967 -18967.10944657 3315.88547020 88113.36503177 -42293.29927352 69731.05182530 17315.65325379 16268.32355283 -11675.01426594 -66024.03183840 -47858.44366659 -1594.31789884 36444.15434132 -30395.61901239 15395.25440473 -57078.54129036
-44642.02095789 -794.30423939 47247.71366300 -12358.83396501 -55474.32712738 -60374.55056135 564.73448721 39768.42582809 -24117.68438897 19514.90634743 36640.33619691 32233.36936499 33090.57894342 -11197.13883120 -25117.05664566 398.14626006 29666.19300493 17036.44624988 -13819.80229892 15826.95312116 -6296.83117126 69942.72553963 -17844.43486958 26638.14859020 -34420.85520875 -2557.05506275 65747.80173181 -16125.07693835 38728.42883104 5174.21347402 91407.79077011 1320.47127614 -78734.88529920 -61170.07104796 11879.45189435 31588.11310096 -41688.96080151 -2491.27319288 -10658.04960546
-46112.17374698 17973.27691887 37882.66111143 -36948.71089165 -29974.66771648 -58747.11769536 -35703.51466706 37742.87352306 29065.83281746 22701.26818759 60639.02668008 58722.64034259 -1.23429446 -12365.61213010 -6366.23681933 13843.00918045 27460.17000967 50605.75971935 -18319.60076289 24134.67489230 -27019.93477782 43359.17821405 -16948.59355173 9462.75757425 -65518.11568276 -13820.92502249 44883.63474162 -20096.27697234 56684.63110955 7218.13098294 22769.61426184 6443.34009895 -62334.09081893 -43360.80091171 29328.84596370 55434.83291172 15925.79599228 -12150.14871851 -90760.15344445
-46311.29624271 -23135.65148520 -1278.14807543 -3929.97499763 -36940.84666655 -23280.27578844 3246.83104464 44205.37499643 -90.47838088 25836.72981752 59258.95572598 39399.66488362 29173.07284344 30198.83172242 -34202.14113926 4604.09950454 30073.57133260 49385.66844072 -31541.64307503 -37327.11342414 -30478.21369329 23857.73685180 -36382.10654506 2949.94584129 -32127.78238759 -10431.96418342 77558.94130380 -46794.35558888 72953.67989404 18752.68478044 46645.82996641 18130.80896402 -63149.32043069 -87448.93461036 27455.46291455 30283.98591450 -39731.45377922 9782.73857022 -39811.38159915
-22490.66856574 13171.89935535 61407.69843476 -20766.60256155 -18678.77741232 -1384.25834804 -36580.89616101 30591.90029329 -3902.05399706 29161.60361353 61771.76075336 6442.91759855 15379.82648415 10123.34469580 -34198.00587376 1348.22061988 43912.95084347 37247.99333392 -1890.57258582 -26110.22747529 -23624.78781581 10515.84279328 -35394.83213950 36659.28856822 -66779.54618886 -22990.08999495 75624.98492885 30746.69506587 67119.04372268 -6567.66517258 -18586.25723060 -16069.86380547 -54059.13044208 -109291.76093081 33530.96609675 22968.40472488 -18530.32518503 9993.37092930 -67451.90530920
-68430.36894242 4688.64703538 41134.94356133 -24175.95898440 848.09991177 -33850.13971225 -22857.51579047 26237.20775669 -14426.79396439 -12489.01413043 18800.13115976 37128.76542026 -27156.34393219 19740.29724783 -38668.36583547 13409.20636459 31741.41901895 25649.46991726 14001.41580748 5299.89507927 8044.35443781 59616.40176783 -32097.87729635 9533.63467042 -67561.22164463 -10421.28614450 58569.10183084 -45744.72901922 29327.99046052 27320.91522053 35749.43383489 32011.01630263 -57982.32674844 -86260.78735530 9668.40512733 67276.17330218 -15391.92269478 6758.63882604 -34595.59922449
-31814.16963802 -3610.76216505 27625.45565758 -42757.80595605 -22211.73619694 -76099.99757851 -41472.39951250 51007.56410496 -10263.57204333 3078.66337674 37354.52539557 40335.34534167 -2333.90427428 14865.70432753 -29142.03180060 -126.58728845 15788.38864368 49853.95043481 -29326.83753108 -38854.95837288 -26287.23885559 12354.41021894 -38743.02278159 55995.54059113 -56893.74910668 -18812.86621756 52369.32317586 -32830.32017844 10740.44073951 5435.12547894 60367.06628664 20365.07308944 -70486.10190680 -60800.98569110 23424.34458543 46705.20503906 -57452.23163976 -34732.83372756 -4475.15989553
-22526.37165111 -31109.29015812 29451.76066538 -20363.37471204 -38819.63423749 -63951.18598213 -9043.92974812 582.42580403 -19030.79738309 72281.06756428 39404.91932220 2274.17031944 3445.63581934 21062.38276092 -326.93226787 6002.70611310 60875.28201973 40739.66385606 -24453.29006235 -13557.37522463 -7643.27191329 41254.67721754 -30720.33997428 -4600.45417611 -40265.25577270 32482.65712948 78055.48536740 -39280.10852885 51269.51482205 -2964.56436789 53176.80429270 71196.11598416 -31692.53669732 -56865.44395301 40828.03737816 37892.67364147 -48005.04915982 19598.56117744 -17433.65568610
-49782.96112677 -26547.76282843 28434.02400881 -3615.56526037 -42373.64973234 -45941.24554663 -22437.95993801 28604.64082637 16968.33232883 -18459.53240867 31475.08150777 26360.18285023 49360.26436981 4978.70885671 -26947.14356264 -20029.56227610 36665.06431528 15738.72576093 -4270.62296966 16309.21106075 -48718.45840642 -2111.03048228 -51771.66065674 -16977.87207169 -50316.43807148 -23019.04472793 28593.52667932 -34471.30955104 65703.71017778 -2439.88626079 58048.68505511 3613.45813131 -52144.04534705 -84149.51636345 15258.54062308 56180.51276949 -52809.99673137 25452.22173822 -32972.81620580
-45368.24032317 -26485.27334853 75959.46195807 -32891.27399221 -18489.92936409 -55662.03818839 23050.53189339 5556.95622162 -11400.39321260 17184.68557753 40209.09190709 54059.82122151 -13521.57611019 27852.25233316 -45603.67322522 -17216.97141048 54350.66984979 50156.44667972 -21767.41072288 9316.20582408 -53197.72981513 15473.51399332 -27945.07262919 13275.69079066 -89305.10188924 3448.08173548 83177.35348714 -12466.21299339 14322.57594828 26246.10796276 21630.54158309 24410.48084879 -43757.35661365 -84902.13106055 34762.82842924 -6888.31069097 -21894.85075396 12365.34926542 8033.53287501
-25056.36834887 19968.05761251 32605.31230845 -25282.73230337 -81517.27890695 -81545.73155227 -29324.45557642 21926.37566703 -50048.36625879 57764.99196556 25000.75625201 23327.54510335 -32727.02952829 45962.01880612 -68083.32337328 10261.99137403 57311.87001910 19939.21248511 -976.39360194 17067.67617509 2961.12542146 11131.07691376 -41890.26403365 24613.82756416 -81745.10552499 -39475.36909948 66410.47254676 -29435.60863296 48972.84467232 16291.37537259 43589.24609794 175.09374827 -72453.54544041 -46361.19375439 -783.59762161 47818.68561599 -42214.77302923 14426.91774950 -45270.84345215
-29694.46961064 -11864.68633016 52757.91326211 11881.43244475 -18968.94145154 -49174.35326864 -2058.47535404 41516.12684391 -14218.16203065 4554.50279565 40360.61245880 20474.57413083 23641.37917447 16774.17703394 -61768.51123088 -14059.88462637 54848.78532752 38576.53328853 -20532.77642616 2021.80142659 149.58543755 32519.07815928 -20163.16071105 19205.25080790 -62516.15262666 -28785.10964442 50440.63371958 -22654.38631546 57909.17639418 23025.07182348 64912.69074309 1245.55210225 -56932.22856262 -93966.56427759 -2583.77580638 53330.99131664 -9432.54077976 -1735.81457704 -22126.07305001
-42071.88417184 19396.76096287 36595.58242916 -24630.00681851 -4943.30666266 -19584.92470812 15021.61375794 10322.91914046 18555.66430359 13887.19858013 49244.27466911 40946.09092490 15167.32309734 16054.34869459 -46901.03048738 27419.90995025 46402.92103227 58136.06240654 -15995.39468701 812.78399443 8280.17594314 11400.45648085 -44365.26488655 15201.43378828 -36101.28651053 -17215.27270107 66491.73802314 -29175.41302948 44676.22217175 26539.65473771 52611.16700641 32294.35060236 -49100.13007622 -61904.71818760 10248.75146420 34780.96392385 -41985.17357304 1287.27478337 -48343.56194433
-30627.20862148 -10541.62108691 36652.04935615 428.60324230 -9583.69892337 -50428.89090401 -32389.24085109 23154.19116809 8178.77725068 -5024.29795233 28560.91709085 13950.81141177 17073.76592551 19074.43840117 -40122.70915447 27276.82023973 26774.73109424 30625.55959845 -63026.96552835 -16108.99598380 -63723.90198881 -12203.84385767 -22627.89179758 32862.62196232 -84515.02766302 5998.13271711 64740.02312196 -24289.82834685 46369.52429892 -1860.11821112 29006.22793845 29957.83615326 -89639.53537026 -76900.33274908 -5043.12551547 25009.19766034 -506.38498295 15720.15995148 -18828.60104293
-46005.61540142 62098.11386272 35395.86717757 -20106.76473019 -65783.79626310 -29814.07486713 -2642.83246472 41845.29875928 12505.29265165 24388.01088030 26951.38030713 6821.52139779 30012.28030540 1007.33558457 -2099.13763665 1807.08764671 48168.66007477 36395.37641507 -16409.50421190 2945.70669773 -11427.52663811 26236.39618795 -42891.19745983 -11955.16440469 -67949.58114831 -48169.63263638 66663.54351982 -6244.14613956 49044.74439675 -36473.52324401 66832.04680149 27921.72629176 -54466.98085849 -107823.38572125 22224.55444571 9553.09362281 -39465.38615198 -6086.96054179 -40022.17333535
-36395.26092761 1321.81510246 41875.49357713 10892.24933132 -36289.66442547 -56729.36487595 -12979.37953858 45577.82942702 -13847.13643256 -8108.26576394 41365.15889030 67858.74531578 17285.28714116 38701.59242588 -38225.04134934 26206.58025237 1301.41640437 17881.15570090 2643.98460470 11633.86234549 129.10891004 38820.81451700 -33452.11171990 20041.43715426 -104452.29826722 -24227.11066510 97972.46364453 -22312.59925302 33955.77066163 -6516.42178820 37897.25521438 92.01904598 -70357.12956740 -60405.79545168 35134.71153730 43511.84478096 -8564.70090251 10874.06968119 -12132.90000388
-29975.08673309 -46906.84780809 28269.25876483 -45975.81763095 -26880.52056076 -41134.22138529 -18195.26749876 40042.35671301 -29477.13320677 20180.61513941 38849.60015832 19407.36677436 1954.48571980 -548.36134763 -48138.02261734 3102.64172016 25582.69545129 52051.89641881 -12905.35117365 7267.27685867 -8282.96939617 32896.11753059 -16070.36611201 19825.98877231 -34222.31305957 12130.10437948 85591.64937559 -40150.25229132 62599.70207234 -13406.40469140 21348.49524921 22564.72601875 -55461.33659256 -117204.94467008 23540.24633024 21690.79781399 -29307.05768589 30017.92094254 -69900.79519194
-46372.64298684 12689.66716950 45249.46890286 -21723.92948597 -33707.94533514 -27138.75659477 16247.66899019 33142.82573213 14871.48747437 32436.38689477 46250.14478990 25141.09860857 -34941.54603503 -20457.48350121 -45535.85887577 11313.30702950 39277.42898566 25938.53107178 -4658.83654241 -7162.36540215 -67871.17047488 16068.43039154 -27769.49015231 29510.46525129 -56221.40101793 -18743.21270793 77861.03626105 -28442.18543523 26940.30327017 16984.19957109 52924.96638796 24191.51021343 -65734.48272427 -65915.35235710 25240.33630557 73150.25913229 -23391.37542055 28115.17502594 -58933.50197983
-46464.93189662 7883.60552274 66217.77064383 -28749.71959508 -39378.72954346 -77076.67623249 -26721.17035036 35719.60426503 -22341.81271439 39557.76702939 44075.76039492 8512.15722061 8670.60285471 -1485.28962536 -35912.66225376 -611.43426841 84667.07063448 37229.73854312 8109.39800273 -24585.18703138 -3883.05223432 38453.92469292 -36229.15933445 -11201.94280691 -24543.85598144 -22452.52012531 65750.24801113 -62402.04002216 28787.76258745 -27162.90538330 31287.24018997 -450.24980785 -74549.90378337 -53512.78562704 5286.10646239 86652.75445105 -53428.75395999 15969.82539895 9724.18989646
-49873.77272061 9718.21377737 54950.71107423 -8544.44967909 -29530.64840819 -65679.63262544 -26984.96691074 33178.48477701 -18088.02347389 29628.98923324 66331.44997613 3274.96899268 40638.41079891 -39115.26949096 -19063.57803966 24989.61328359 53790.18513636 62561.38292351 -10584.64060727 -5866.68438947 -26334.28244485 24542.16829539 -12891.36363627 30744.08418248 -47985.44599509 -22514.19193227 34240.53450552 -52065.69492899 50788.07768460 -26493.51759289 66285.28135173 9283.99474090 -70587.07898961 -92614.10555041 -3879.47741055 10854.70076206 -38876.64840300 10986.61604480 -31551.86561014
-27305.07892237 33447.80569358 23897.60781836 -51077.58357690 -49029.45496658 -41564.83697584 -3384.57752292 39191.98171916 10005.15492347 -725.32146475 66222.81372871 27889.84867444 44188.21217431 -18249.95205664 -71630.86250493 -6385.22623119 32338.20503491 29367.52696876 39384.42329391 14601.55384954 -8545.39068354 9553.03351378 -17840.54263000 34248.61192367 -107073.00511485 -9756.66701020 100221.97804284 -23752.97690178 62751.97468746 -18715.70384409 18060.99223088 37440.93528552 -83281.75138115 -97319.87729379 11695.12030713 34382.37734102 -67120.38936707 5020.56854172 -21677.67352463
-112821.28147270 7337.09647745 36112.30509324 8443.91482860 -28581.64406417 -77706.08731154 59.57191283 50538.01523007 6912.38488954 32357.20418151 32202.26306753 14269.10862239 19698.52415751 17482.59122219 -22820.18441684 15474.45968552 79170.32676535 27173.34026712 27957.19798934 32084.08880868 16369.61543954 16969.58490607 -13135.88501900 5500.93100284 -64596.92606992 -27548.53388575 66081.73136693 -38287.83972726 57917.57017708 -2256.76314102 48322.89268577 -21385.89702328 -59329.57000254 -36130.40145673 -5472.70005284 41323.14486691 -32582.17910214 12347.50359444 -61200.17855592
-32342.99081002 -10618.25919735 21929.71766206 -49351.88341568 -41802.39084735 -27886.61161681 -14995.10565646 34562.90446832 -28639.17724393 23360.34459080 60559.46785343 -13583.09582902 10386.00387199 23956.05024155 -59865.71351340 -2510.95778369 57706.50200942 29107.64316551 -21870.78718983 4415.95480496 2253.97426139 4617.28743059 -57711.74021967 6046.99618676 -67480.68931248 -19860.61751511 97605.62545773 5938.29616027 117508.69107073 28199.79648740 23534.05803955 29164.69314267 -92874.99366461 -54490.11171072 39781.52211968 37960.31760071 -59199.21836710 39550.88835011 -37364.88235600
-75409.50043956 -15608.06288298 30657.42216665 -22947.30389398 -51972.37442943 -55505.17210171 -14613.83939056 53855.93201274 -4921.51767789 34062.03757633 28671.23420616 32180.24597239 -12711.22802018 2930.27977270 -59725.31973267 30276.54241247 50982.63102611 55611.23589303 -10682.34379375 -2779.86577078 -8266.08634724 39820.69428950 4202.96913226 37773.97832743 -79717.33615842 10861.76444388 79939.72309514 -46697.60404293 20507.74679702 5109.66317493 25131.63146873 -16025.79936413 -38718.28622228 -41352.22405942 7387.64146350 42359.96414021 -35174.35744828 -13270.71202756 -47154.33937035
-19275.67591726 17847.30640501 62520.85136928 -40777.85695142 -15878.13285394 -26503.29852397 -39236.79743218 18302.33567844 -33564.20009168 28850.28392951 43651.72004272 40765.59794205 -15157.20231213 9793.56658671 -17978.06135501 17951.65075068 35010.90602202 75360.83460195 -9782.10941749 -4773.93597531 -54472.46627738 25822.27015667 -38522.55392599 10048.29148160 -67993.46978359 -24272.30766506 62338.49346515 -34041.70253695 50100.34666682 18849.65745909 12507.52283914 -14748.68505161 -44111.79166049 -46702.72649509 19733.32757274 53995.12570286 -22110.94591477 39804.61970828 -20799.67482446
-50444.08557592 -14160.07374722 58311.43409152 10998.94124479 -40405.29860878 -36323.48677634 -28245.92177452 60621.14717393 -2898.56918756 -2766.84085298 43486.79319800 45086.08263682 10365.04926531 -19432.95414721 -47797.06021847 -5038.26062191 66518.83462237 5568.98265192 10870.89870791 -29822.08517370 -28697.61611590 32862.95055870 -49159.08341377 34009.43917009 -84804.99275093 -18248.45992394 55310.15658554 -32243.73809623 36799.39966166 23706.12060730 52165.83305870 -973.35228898 -35547.56346518 -59001.04820592 35002.92539090 29977.42458583 -30957.80632610 -13174.88229760 -42066.80890062
-71293.36378587 18457.95171039 54007.66875386 -15158.21887091 -34645.99027114 -46524.73429277 -4180.54939671 60543.71866754 11605.25959055 3493.54180694 70466.98515605 -1778.06662348 39491.28538594 40687.55187346 -41794.90093956 -4486.69917167 43500.60223631 10658.57671331 -9716.32123417 -11013.86809670 -29567.71717679 45022.73170435 -69953.60001125 32829.20050612 -58871.48689413 -3355.95864294 59632.49474430 -41207.36211020 83317.81152740 38014.19780757 35856.69731324 35104.32719315 -61633.70524908 -90233.83045237 18190.15359340 55123.23396461 -2686.66096347 23837.11912654 -17768.42017051
